0 0 77
4 0 81
7 0 77
11 0 81
0 1 77
1 1 77
4 1 81
5 1 81
6 1 77
10 1 81
1 2 77
5 2 81
1 3 77
5 3 81
42 5 1
43 5 2
4 6 77
5 6 77
8 6 81
9 6 81
17 6 77
21 6 81
42 6 1
43 6 1
44 6 2
6 7 77
10 7 81
17 7 77
21 7 81
43 7 1
44 7 2
7 8 77
8 8 77
11 8 81
12 8 81
16 8 77
20 8 81
42 8 1
43 8 2
44 8 2
9 9 77
13 9 81
15 9 77
19 9 81
41 9 1
42 9 2
43 9 2
9 10 77
10 10 77
13 10 81
14 10 77
18 10 81
39 10 1
40 10 2
41 10 2
10 11 77
11 11 77
12 11 77
13 11 77
14 11 77
15 11 81
16 11 81
17 11 81
18 11 81
38 11 1
39 11 2
40 11 2
8 12 77
9 12 77
10 12 77
12 12 81
13 12 81
14 12 81
38 12 1
39 12 2
7 13 77
10 13 77
11 13 81
14 13 81
6 14 77
7 14 77
10 14 81
11 14 81
14 14 81
6 15 77
9 15 77
10 15 81
13 15 81
5 16 77
8 16 77
9 16 81
12 16 81
5 17 77
7 17 77
9 17 81
11 17 81
5 18 77
6 18 77
9 18 81
10 18 81
