0 0 188
1 0 188
2 0 188
3 0 188
4 0 188
5 0 188
6 0 188
7 0 188
8 0 188
9 0 188
10 0 188
11 0 188
12 0 188
13 0 188
14 0 188
15 0 188
16 0 188
17 0 188
18 0 188
19 0 188
20 0 188
21 0 188
22 0 188
23 0 188
24 0 188
25 0 188
26 0 188
27 0 188
28 0 188
29 0 188
30 0 188
31 0 188
32 0 188
33 0 188
34 0 188
35 0 188
36 0 188
37 0 188
38 0 188
39 0 188
40 0 188
41 0 188
42 0 188
43 0 188
44 0 188
45 0 188
46 0 188
47 0 188
48 0 188
49 0 188
50 0 188
51 0 188
52 0 188
53 0 188
54 0 188
55 0 188
56 0 188
57 0 188
58 0 188
59 0 188
60 0 188
61 0 188
62 0 188
63 0 188
64 0 188
65 0 188
66 0 188
67 0 188
68 0 188
69 0 188
70 0 188
71 0 188
72 0 188
73 0 188
74 0 188
75 0 188
76 0 188
77 0 188
78 0 188
79 0 188
80 0 188
81 0 188
82 0 188
83 0 188
84 0 188
85 0 188
86 0 188
87 0 188
88 0 188
89 0 188
90 0 188
91 0 188
92 0 188
93 0 188
94 0 188
95 0 188
96 0 188
97 0 188
98 0 188
99 0 188
0 1 188
4 1 27
6 1 27
7 1 27
14 1 188
24 1 166
27 1 181
28 1 166
31 1 166
34 1 166
36 1 166
46 1 188
47 1 188
48 1 188
49 1 188
50 1 188
51 1 188
55 1 181
58 1 181
59 1 166
66 1 181
99 1 188
0 2 188
9 2 27
14 2 157
15 2 157
17 2 157
20 2 166
25 2 181
39 2 166
50 2 166
52 2 181
99 2 188
0 3 188
10 3 27
11 3 157
12 3 157
13 3 157
18 3 166
22 3 157
42 3 166
49 3 181
67 3 181
99 3 188
0 4 188
11 4 157
12 4 27
14 4 27
16 4 166
23 4 181
24 4 157
44 4 166
60 4 166
99 4 188
0 5 188
12 5 157
14 5 157
15 5 166
16 5 27
21 5 181
44 5 181
49 5 166
74 5 182
77 5 182
80 5 182
83 5 182
85 5 182
87 5 182
89 5 182
91 5 182
99 5 188
0 6 188
16 6 157
17 6 27
19 6 157
27 6 157
40 6 181
46 6 166
68 6 181
71 6 182
89 6 182
90 6 182
91 6 182
99 6 188
0 7 188
12 7 166
17 7 181
19 7 27
23 7 157
28 7 157
35 7 157
38 7 157
42 7 157
46 7 157
47 7 166
49 7 157
53 7 157
60 7 166
69 7 182
88 7 182
89 7 182
99 7 188
0 8 188
16 8 181
21 8 27
32 8 157
34 8 157
36 8 181
56 8 157
58 8 157
88 8 182
99 8 188
0 9 188
10 9 166
16 9 181
23 9 27
26 9 157
29 9 157
39 9 157
47 9 166
48 9 166
60 9 157
61 9 157
66 9 182
69 9 181
88 9 182
99 9 188
0 10 188
8 10 166
16 10 181
23 10 157
25 10 27
28 10 181
32 10 181
45 10 157
47 10 166
58 10 157
61 10 166
64 10 182
88 10 182
99 10 188
0 11 188
16 11 181
21 11 157
24 11 181
27 11 27
29 11 27
32 11 157
35 11 181
56 11 157
82 11 182
83 11 182
87 11 182
88 11 182
89 11 182
92 11 182
99 11 188
0 12 188
6 12 166
16 12 181
17 12 181
28 12 181
31 12 27
38 12 181
46 12 166
47 12 166
50 12 157
53 12 157
61 12 166
62 12 182
69 12 181
81 12 182
82 12 182
83 12 182
88 12 182
93 12 182
99 12 188
0 13 188
5 13 166
17 13 181
19 13 157
20 13 181
25 13 181
32 13 27
34 13 27
47 13 166
55 13 157
82 13 182
84 13 182
85 13 182
88 13 182
95 13 182
99 13 188
0 14 188
4 14 166
17 14 157
18 14 181
34 14 157
36 14 27
41 14 181
51 14 157
61 14 182
69 14 181
77 14 182
81 14 182
82 14 182
83 14 182
85 14 182
86 14 182
89 14 182
91 14 182
95 14 182
99 14 188
0 15 188
3 15 166
4 15 166
6 15 166
8 15 166
12 15 166
15 15 157
16 15 166
19 15 166
20 15 166
23 15 166
24 15 166
28 15 166
31 15 166
38 15 27
42 15 181
46 15 166
48 15 157
60 15 182
78 15 182
83 15 182
87 15 182
88 15 182
89 15 182
94 15 182
95 15 182
99 15 188
0 16 188
15 16 157
16 16 157
17 16 166
20 16 181
21 16 181
23 16 181
32 16 166
34 16 166
40 16 27
46 16 166
59 16 182
60 16 166
69 16 181
75 16 182
83 16 182
95 16 182
99 16 188
0 17 188
12 17 181
13 17 166
14 17 181
16 17 157
17 17 181
19 17 181
20 17 181
25 17 181
26 17 181
37 17 166
41 17 27
43 17 181
46 17 166
59 17 182
69 17 181
83 17 182
95 17 182
99 17 188
0 18 188
9 18 181
10 18 181
16 18 157
18 18 181
29 18 181
30 18 181
33 18 181
36 18 166
39 18 166
41 18 166
43 18 181
45 18 166
46 18 157
59 18 166
68 18 181
74 18 182
75 18 182
82 18 182
97 18 182
99 18 188
0 19 188
9 19 181
10 19 166
11 19 181
13 19 181
14 19 181
16 19 157
33 19 181
36 19 181
38 19 181
39 19 166
45 19 166
46 19 166
58 19 182
65 19 181
67 19 181
73 19 182
93 19 182
99 19 188
0 20 188
8 20 181
9 20 181
38 20 181
39 20 157
41 20 166
42 20 181
43 20 181
44 20 157
46 20 181
48 20 166
52 20 166
54 20 166
56 20 166
59 20 181
62 20 181
72 20 182
81 20 182
98 20 182
99 20 188
0 21 188
6 21 181
7 21 181
8 21 166
10 21 181
17 21 157
40 21 181
42 21 166
47 21 166
48 21 27
49 21 181
51 21 181
53 21 181
57 21 182
73 21 182
80 21 182
99 21 188
0 22 188
5 22 166
6 22 181
10 22 181
15 22 157
17 22 157
19 22 157
22 22 157
26 22 157
41 22 157
42 22 157
43 22 166
48 22 166
90 22 182
99 22 182
0 23 188
5 23 181
10 23 181
42 23 166
43 23 166
49 23 166
50 23 27
57 23 182
70 23 182
74 23 182
79 23 182
99 23 188
0 24 188
4 24 166
5 24 181
11 24 157
16 24 157
30 24 157
40 24 181
41 24 157
42 24 166
50 24 166
52 24 27
79 24 182
80 24 182
84 24 182
87 24 182
99 24 182
0 25 188
4 25 166
5 25 181
9 25 181
12 25 181
15 25 157
34 25 157
40 25 166
42 25 157
52 25 166
56 25 182
57 25 181
69 25 182
72 25 182
75 25 182
76 25 182
86 25 182
99 25 188
0 26 188
4 26 166
8 26 157
15 26 157
42 26 157
54 26 181
55 26 181
56 26 181
57 26 181
69 26 182
76 26 182
79 26 182
80 26 182
83 26 182
88 26 182
89 26 182
98 26 182
99 26 188
0 27 188
4 27 166
13 27 181
14 27 157
32 27 166
36 27 166
37 27 166
38 27 166
51 27 181
53 27 166
54 27 181
56 27 182
67 27 182
77 27 182
79 27 182
80 27 182
89 27 182
90 27 182
97 27 182
99 27 188
0 28 188
4 28 181
5 28 166
6 28 157
9 28 181
24 28 166
28 28 166
36 28 166
37 28 181
40 28 157
41 28 166
42 28 157
45 28 166
49 28 181
51 28 181
55 28 182
57 28 27
63 28 182
69 28 182
72 28 182
76 28 182
78 28 182
80 28 182
83 28 182
86 28 182
88 28 182
99 28 188
0 29 188
4 29 181
12 29 157
14 29 181
41 29 157
42 29 157
45 29 181
46 29 181
47 29 181
49 29 166
52 29 166
54 29 166
55 29 182
56 29 182
57 29 182
59 29 182
69 29 182
76 29 182
77 29 182
95 29 182
99 29 188
0 30 188
3 30 157
4 30 181
5 30 181
7 30 166
10 30 181
11 30 157
19 30 166
34 30 166
35 30 181
44 30 181
54 30 166
55 30 166
56 30 166
60 30 27
70 30 182
80 30 182
82 30 182
92 30 182
99 30 188
0 31 188
5 31 181
8 31 166
9 31 157
16 31 166
31 31 166
41 31 181
42 31 181
55 31 166
57 31 166
58 31 166
62 31 27
71 31 182
72 31 182
83 31 182
84 31 182
86 31 182
89 31 182
99 31 188
0 32 188
5 32 181
10 32 166
12 32 181
17 32 181
28 32 166
32 32 181
36 32 181
40 32 181
63 32 27
83 32 182
99 32 188
0 33 188
1 33 157
5 33 181
7 33 157
11 33 166
12 33 166
25 33 166
30 33 181
38 33 181
41 33 181
56 33 166
65 33 27
73 33 182
99 33 188
0 34 188
4 34 157
5 34 181
6 34 181
7 34 181
14 34 166
16 34 166
19 34 166
20 34 181
22 34 166
28 34 181
30 34 181
35 34 181
36 34 181
75 34 182
86 34 182
99 34 188
0 35 188
2 35 157
8 35 166
9 35 181
10 35 181
17 35 181
21 35 181
22 35 181
24 35 181
25 35 181
27 35 181
32 35 181
40 35 181
57 35 166
66 35 27
67 35 27
88 35 182
99 35 188
0 36 188
11 36 181
30 36 181
57 36 166
76 36 182
89 36 182
99 36 188
0 37 188
5 37 166
6 37 166
13 37 181
14 37 181
26 37 181
28 37 181
40 37 181
68 37 27
69 37 27
78 37 182
90 37 182
99 37 188
0 38 188
5 38 166
16 38 181
18 38 181
19 38 181
22 38 181
24 38 181
57 38 166
58 38 27
59 38 27
69 38 27
80 38 182
88 38 182
89 38 182
99 38 188
0 39 188
6 39 166
56 39 166
59 39 27
60 39 27
61 39 27
62 39 27
63 39 27
65 39 27
66 39 27
67 39 27
68 39 27
69 39 27
82 39 182
84 39 182
86 39 182
99 39 188
0 40 188
7 40 166
10 40 140
12 40 140
14 40 140
39 40 181
62 40 27
99 40 188
0 41 188
6 41 140
8 41 140
9 41 166
12 41 166
17 41 140
20 41 140
54 41 166
63 41 27
99 41 188
0 42 188
4 42 140
15 42 166
18 42 166
24 42 166
29 42 166
34 42 166
39 42 166
40 42 181
41 42 181
43 42 181
44 42 166
45 42 181
47 42 181
48 42 166
51 42 166
65 42 27
67 42 27
69 42 27
71 42 27
73 42 27
75 42 27
76 42 27
78 42 27
79 42 27
99 42 188
0 43 188
23 43 140
79 43 182
81 43 182
83 43 182
84 43 182
99 43 188
0 44 188
3 44 140
26 44 140
76 44 182
78 44 182
84 44 182
85 44 182
86 44 182
99 44 188
0 45 188
2 45 140
29 45 140
73 45 182
87 45 182
98 45 188
99 45 188
0 46 188
36 46 140
39 46 140
41 46 140
44 46 140
63 46 182
72 46 182
88 46 182
99 46 188
0 47 188
2 47 140
32 47 140
33 47 140
46 47 140
63 47 182
70 47 182
89 47 182
99 47 188
0 48 188
30 48 140
35 48 140
47 48 140
63 48 182
66 48 182
67 48 182
68 48 182
69 48 182
89 48 182
99 48 188
0 49 188
49 49 140
63 49 182
64 49 182
65 49 182
66 49 182
71 49 182
99 49 188
0 50 188
1 50 140
27 50 140
38 50 140
50 50 140
62 50 182
89 50 182
99 50 188
0 51 188
40 51 140
73 51 182
99 51 188
0 52 188
1 52 140
24 52 140
42 52 140
51 52 140
60 52 182
62 52 182
66 52 182
70 52 182
99 52 188
0 53 188
74 53 182
75 53 182
90 53 182
99 53 188
0 54 188
22 54 140
45 54 140
52 54 140
59 54 182
77 54 182
99 54 188
0 55 188
1 55 140
19 55 140
52 55 140
57 55 182
58 55 182
76 55 182
90 55 182
99 55 188
0 56 188
47 56 140
52 56 140
76 56 182
79 56 182
99 56 188
0 57 188
1 57 140
17 57 140
50 57 140
52 57 140
57 57 182
76 57 182
81 57 182
99 57 188
0 58 188
16 58 140
20 58 140
53 58 140
56 58 182
75 58 182
82 58 182
85 58 182
88 58 182
91 58 182
99 58 188
0 59 188
15 59 140
52 59 140
53 59 140
54 59 140
58 59 182
73 59 182
82 59 182
90 59 182
93 59 182
99 59 188
0 60 188
1 60 140
13 60 140
14 60 140
21 60 140
53 60 140
54 60 140
60 60 182
71 60 182
82 60 182
99 60 188
0 61 188
12 61 140
13 61 140
21 61 179
23 61 179
27 61 179
30 61 179
34 61 179
54 61 140
55 61 140
62 61 182
65 61 182
68 61 182
82 61 182
95 61 182
99 61 188
0 62 188
2 62 140
15 62 140
18 62 179
22 62 140
38 62 179
49 62 179
51 62 179
53 62 179
55 62 179
56 62 182
57 62 179
58 62 179
80 62 182
91 62 182
99 62 188
0 63 188
2 63 140
14 63 140
15 63 179
16 63 140
17 63 140
20 63 140
22 63 140
23 63 140
24 63 140
27 63 140
38 63 179
39 63 179
40 63 179
41 63 179
42 63 179
43 63 179
45 63 179
46 63 179
57 63 179
97 63 182
99 63 188
0 64 188
12 64 140
19 64 140
23 64 140
30 64 140
33 64 140
36 64 179
39 64 140
41 64 140
46 64 179
47 64 140
48 64 140
56 64 182
78 64 182
82 64 182
99 64 188
0 65 188
3 65 140
10 65 140
12 65 179
24 65 140
33 65 140
35 65 140
36 65 140
37 65 140
38 65 140
39 65 140
49 65 140
50 65 179
51 65 140
57 65 179
91 65 182
99 65 188
0 66 188
9 66 140
21 66 140
25 66 140
27 66 140
29 66 140
30 66 140
32 66 140
34 66 179
39 66 140
40 66 140
54 66 140
97 66 182
99 66 188
0 67 188
4 67 140
6 67 140
7 67 140
10 67 179
23 67 140
32 67 179
53 67 179
56 67 182
57 67 179
77 67 182
82 67 182
93 67 182
97 67 182
99 67 188
0 68 188
5 68 140
6 68 140
8 68 179
24 68 140
56 68 179
59 68 140
61 68 140
99 68 188
0 69 188
25 69 179
28 69 179
30 69 179
57 69 179
58 69 182
62 69 140
76 69 182
78 69 161
81 69 161
83 69 161
86 69 161
94 69 182
95 69 182
96 69 182
97 69 182
99 69 188
0 70 188
6 70 179
22 70 179
30 70 179
39 70 179
44 70 179
49 70 179
50 70 179
52 70 179
53 70 179
55 70 179
56 70 179
57 70 179
58 70 179
59 70 179
60 70 182
62 70 140
70 70 161
73 70 161
75 70 161
76 70 161
88 70 161
89 70 161
99 70 188
0 71 188
5 71 179
19 71 179
27 71 140
28 71 179
34 71 179
37 71 179
41 71 179
44 71 179
45 71 179
47 71 179
52 71 179
56 71 179
58 71 179
59 71 179
60 71 179
61 71 140
63 71 182
66 71 161
68 71 161
73 71 161
77 71 161
80 71 161
90 71 161
91 71 161
99 71 188
0 72 188
4 72 179
16 72 179
24 72 179
27 72 179
28 72 179
31 72 179
35 72 179
38 72 179
41 72 179
42 72 179
57 72 179
64 72 161
65 72 182
67 72 182
69 72 182
81 72 161
91 72 161
99 72 188
0 73 188
2 73 179
14 73 179
20 73 179
25 73 179
26 73 179
27 73 179
28 73 179
30 73 140
37 73 179
46 73 179
60 73 140
70 73 161
75 73 182
80 73 182
82 73 161
83 73 161
91 73 161
99 73 188
0 74 188
1 74 179
17 74 179
22 74 179
32 74 179
40 74 179
48 74 179
50 74 179
57 74 179
59 74 140
62 74 161
68 74 161
83 74 161
99 74 188
0 75 188
11 75 179
15 75 179
19 75 179
32 75 140
42 75 179
52 75 179
57 75 179
61 75 161
66 75 161
75 75 182
79 75 182
91 75 161
99 75 188
0 76 188
14 76 179
16 76 179
28 76 179
34 76 140
55 76 179
58 76 140
59 76 140
64 76 161
76 76 182
77 76 182
78 76 182
83 76 161
91 76 161
99 76 188
0 77 188
8 77 179
44 77 179
56 77 179
57 77 140
58 77 140
60 77 161
63 77 161
83 77 161
99 77 188
0 78 188
3 78 179
5 78 179
23 78 179
36 78 140
45 78 179
52 78 140
53 78 140
55 78 140
56 78 179
59 78 161
62 78 161
91 78 161
99 78 188
0 79 188
38 79 140
41 79 140
48 79 140
50 79 140
54 79 179
55 79 179
58 79 179
61 79 161
62 79 161
82 79 161
99 79 188
0 80 188
3 80 179
6 80 179
43 80 140
46 80 140
50 80 179
52 80 179
58 80 161
62 80 161
99 80 188
0 81 188
2 81 179
8 81 179
20 81 179
40 81 179
42 81 179
44 81 179
46 81 179
48 81 179
60 81 179
81 81 161
91 81 161
99 81 188
0 82 188
10 82 179
34 82 179
36 82 179
58 82 161
60 82 179
99 82 188
0 83 188
12 83 179
14 83 179
17 83 179
26 83 179
30 83 179
49 83 179
61 83 179
79 83 161
91 83 161
99 83 188
0 84 188
1 84 181
10 84 179
13 84 179
18 84 179
22 84 179
58 84 161
61 84 179
99 84 188
0 85 188
7 85 179
14 85 179
16 85 179
34 85 179
50 85 179
59 85 179
60 85 179
78 85 161
92 85 161
99 85 188
0 86 188
2 86 179
4 86 179
5 86 179
9 86 179
13 86 179
15 86 179
18 86 179
36 86 179
56 86 179
99 86 188
0 87 188
1 87 179
18 87 179
20 87 179
22 87 179
38 87 179
51 87 179
53 87 179
59 87 161
76 87 161
77 87 161
92 87 161
99 87 188
0 88 188
15 88 179
22 88 179
41 88 179
45 88 179
49 88 179
54 88 179
56 88 179
57 88 179
60 88 161
76 88 161
92 88 161
99 88 188
0 89 188
23 89 179
26 89 179
51 89 179
57 89 179
76 89 161
92 89 161
99 89 188
0 90 188
10 90 179
13 90 179
15 90 179
17 90 179
19 90 179
20 90 179
21 90 179
24 90 179
26 90 179
30 90 179
49 90 179
57 90 179
61 90 161
77 90 161
91 90 161
92 90 161
99 90 188
0 91 188
2 91 179
5 91 179
8 91 179
30 91 179
33 91 179
47 91 179
52 91 179
56 91 179
62 91 161
78 91 161
91 91 161
99 91 188
0 92 188
16 92 179
33 92 179
44 92 179
55 92 179
63 92 161
64 92 161
79 92 161
90 92 161
99 92 188
0 93 188
37 93 179
38 93 179
39 93 179
40 93 179
41 93 179
42 93 179
43 93 179
66 93 161
68 93 161
69 93 161
71 93 161
73 93 161
88 93 161
89 93 161
99 93 188
0 94 188
40 94 179
42 94 179
52 94 179
53 94 179
81 94 161
88 94 161
99 94 188
0 95 188
18 95 179
44 95 179
50 95 179
82 95 161
84 95 161
87 95 161
99 95 188
0 96 188
47 96 179
48 96 179
84 96 161
85 96 161
86 96 161
99 96 188
0 97 188
21 97 179
45 97 179
52 97 179
99 97 188
0 98 188
24 98 179
44 98 179
49 98 179
99 98 188
0 99 188
1 99 188
2 99 188
3 99 188
4 99 188
5 99 188
6 99 188
7 99 188
8 99 188
9 99 188
10 99 188
11 99 188
12 99 188
13 99 188
14 99 188
15 99 188
16 99 188
17 99 188
18 99 188
19 99 188
20 99 188
21 99 188
22 99 188
23 99 188
24 99 188
25 99 188
26 99 188
27 99 188
28 99 188
29 99 188
30 99 188
31 99 188
32 99 188
33 99 188
34 99 188
35 99 188
36 99 188
37 99 188
38 99 188
39 99 188
40 99 188
41 99 188
42 99 188
43 99 188
44 99 188
45 99 188
46 99 188
47 99 188
48 99 188
49 99 188
50 99 188
51 99 188
52 99 188
53 99 188
54 99 188
55 99 188
56 99 188
57 99 188
58 99 188
59 99 188
60 99 188
61 99 188
62 99 188
63 99 188
64 99 188
65 99 188
66 99 188
67 99 188
68 99 188
69 99 188
70 99 188
71 99 188
72 99 188
73 99 188
74 99 188
75 99 188
76 99 188
77 99 188
78 99 188
79 99 188
80 99 188
81 99 188
82 99 188
83 99 188
84 99 188
85 99 188
86 99 188
87 99 188
88 99 188
89 99 188
90 99 188
91 99 188
92 99 188
93 99 188
94 99 188
95 99 188
96 99 188
97 99 188
98 99 188
99 99 188
